13;22;60;176
0.917418 -0.203387 -0.333913 -0.0740267 -4.5919 2.92409 2.23636
1 0 0 0 0 0 0
0.93374 0.224001 0.247809 -0.128621 -2 1 -1.09444e-14
0.690407 0.090494 -0.680626 0.227811 0.5 0.75 -5.10009e-15
0.999766 3.59922e-05 0.016169 -0.0144048 0.7 6.83481e-16 4.84855e-16
0.477054 0.526879 0.367206 -0.599981 -0.5 0.75 -9.46465e-15
1 0 0 0 -0.7 0 0
0.176514 -0.954059 -0.0472416 0.237451 0.375 -0.75 3.9517e-15
0.414091 0.425615 -0.269914 -0.757976 -0.0229136 -0.995841 0.0206455
-0.00210695 -0.0843857 0.203402 -0.97545 -0.375 -0.75 9.24694e-15
-0.180139 0.402284 -0.484168 0.755844 -1.13017e-15 -1 -3.14495e-15
1 0 0 0 0 0.75 0
1 0 0 0 2 2 0
1 0 0 0 0.5 0.75 0
1 0 0 0 0.7 0 0
1 0 0 0 -0.5 0.75 0
1 0 0 0 -0.7 0 0
1 0 0 0 0.375 -0.75 0
1 0 0 0 0 -1 0
1 0 0 0 -0.375 -0.75 0
1 0 0 0 0 -1 0
1 0 0 0 0 0.75 0
0.917418 -0.203387 -0.333913 -0.0740267 -4.5919 2.92409 2.23636
1 0 0 0 0 0 0
0.93374 0.224001 0.247809 -0.128621 -2 1 -1.09444e-14
0.690407 0.090494 -0.680626 0.227811 0.5 0.75 -5.10009e-15
0.999766 3.59922e-05 0.016169 -0.0144048 0.7 6.83481e-16 4.84855e-16
0.477054 0.526879 0.367206 -0.599981 -0.5 0.75 -9.46465e-15
1 0 0 0 -0.7 0 0
0.176514 -0.954059 -0.0472416 0.237451 0.375 -0.75 3.9517e-15
0.414091 0.425615 -0.269914 -0.757976 -0.0229136 -0.995841 0.0206455
-0.00210695 -0.0843857 0.203402 -0.97545 -0.375 -0.75 9.24694e-15
-0.180139 0.402284 -0.484168 0.755844 -1.13017e-15 -1 -3.14495e-15
1 0 0 0 0 0.75 0
1 0 0 0 2 2 0
1 0 0 0 0.5 0.75 0
1 0 0 0 0.7 0 0
1 0 0 0 -0.5 0.75 0
1 0 0 0 -0.7 0 0
1 0 0 0 0.375 -0.75 0
1 0 0 0 0 -1 0
1 0 0 0 -0.375 -0.75 0
1 0 0 0 0 -1 0
1 0 0 0 0 0.75 0
0.904756 -0.242429 -0.338274 -0.0906403 -4.64077 3.16681 2.20538
1 0 0 0 0 0 0
0.93374 0.224001 0.247809 -0.128621 -2.15169 1 -0.127287
0.690407 0.090494 -0.680626 0.227811 0.5 0.75 -5.10009e-15
0.999766 3.59922e-05 0.016169 -0.0144048 0.7 6.83481e-16 4.84855e-16
0.477054 0.526879 0.367206 -0.599981 -0.5 0.75 -9.46465e-15
1 0 0 0 -0.7 0 0
0.237507 -0.929511 -0.120589 0.255065 0.375 -0.75 3.02362e-15
0.405002 0.0892892 -0.471323 -0.778367 -0.0229136 -0.995841 0.0206455
0.0216018 -0.108333 0.255216 -0.960553 -0.375 -0.75 9.59996e-15
-0.239289 0.536688 -0.57219 0.572106 -3.39659e-15 -1 -6.37337e-15
1 0 0 0 0 0.75 0
1 0 0 0 2 2 0
1 0 0 0 0.5 0.75 0
1 0 0 0 0.7 0 0
1 0 0 0 -0.5 0.75 0
1 0 0 0 -0.7 0 0
1 0 0 0 0.375 -0.75 0
1 0 0 0 0 -1 0
1 0 0 0 -0.375 -0.75 0
1 0 0 0 0 -1 0
1 0 0 0 0 0.75 0
0.904756 -0.242429 -0.338274 -0.0906403 -4.64077 3.16681 2.20538
1 0 0 0 0 0 0
0.967591 0.108216 0.202523 -0.105083 -2.31414 0.901738 -0.556662
0.690407 0.090494 -0.680626 0.227811 0.5 0.75 -5.10009e-15
0.999766 3.59922e-05 0.016169 -0.0144048 0.7 6.83481e-16 4.84855e-16
0.477054 0.526879 0.367206 -0.599981 -0.5 0.75 -9.46465e-15
1 0 0 0 -0.7 0 0
0.354322 -0.88545 -0.0957535 0.285072 0.375 -0.75 3.43128e-15
0.284675 -0.0692027 -0.675877 -0.676285 -0.0229136 -0.995841 0.0206455
0.048068 -0.164238 0.366916 -0.914379 -0.375 -0.75 8.1532e-15
-0.468786 0.574677 -0.604005 0.291829 -1.3687e-15 -1 -4.55018e-15
1 0 0 0 0 0.75 0
1 0 0 0 2 2 0
1 0 0 0 0.5 0.75 0
1 0 0 0 0.7 0 0
1 0 0 0 -0.5 0.75 0
1 0 0 0 -0.7 0 0
1 0 0 0 0.375 -0.75 0
1 0 0 0 0 -1 0
1 0 0 0 -0.375 -0.75 0
1 0 0 0 0 -1 0
1 0 0 0 0 0.75 0
0.904756 -0.242429 -0.338274 -0.0906403 -4.64077 3.16681 2.20538
1 0 0 0 0 0 0
0.967591 0.108216 0.202523 -0.105083 -2.48999 0.977131 -0.767201
0.690407 0.090494 -0.680626 0.227811 0.5 0.75 -5.10009e-15
0.999766 3.59922e-05 0.016169 -0.0144048 0.7 6.83481e-16 4.84855e-16
0.477054 0.526879 0.367206 -0.599981 -0.5 0.75 -9.46465e-15
1 0 0 0 -0.7 0 0
0.479347 -0.790743 -0.164091 0.343548 0.375 -0.75 3.56486e-15
0.165613 -0.228049 -0.890887 -0.356211 -0.0229136 -0.995841 0.0206455
0.0638973 -0.234191 0.512303 -0.823782 -0.375 -0.75 7.54778e-15
-0.927993 0.297809 0.0563264 -0.216719 6.47475e-15 -1 -8.12024e-15
1 0 0 0 0 0.75 0
1 0 0 0 2 2 0
1 0 0 0 0.5 0.75 0
1 0 0 0 0.7 0 0
1 0 0 0 -0.5 0.75 0
1 0 0 0 -0.7 0 0
1 0 0 0 0.375 -0.75 0
1 0 0 0 0 -1 0
1 0 0 0 -0.375 -0.75 0
1 0 0 0 0 -1 0
1 0 0 0 0 0.75 0
0.904756 -0.242429 -0.338274 -0.0906403 -4.64077 3.16681 2.20538
1 0 0 0 0 0 0
0.963514 -0.00746415 0.266427 -0.0245114 -2.42776 0.857241 -1.16898
0.742311 0.223352 -0.611567 0.158351 0.5 0.75 -6.62144e-15
0.92658 0.256695 -0.234279 0.143776 0.7 3.06829e-17 4.9136e-16
0.566446 0.56232 0.374731 -0.471711 -0.5 0.75 -8.08164e-15
0.886262 0.005415 0.16166 -0.434024 -0.7 -2.51535e-16 -3.27863e-16
0.505531 -0.682564 -0.396065 0.348823 0.375 -0.75 3.6633e-15
0.342397 -0.138375 -0.896961 -0.243061 -0.0229136 -0.995841 0.0206455
0.30105 -0.241753 0.555071 -0.736764 -0.375 -0.75 8.60076e-15
-0.938091 0.246051 -0.213547 -0.117651 8.05953e-15 -1 -9.60993e-15
1 0 0 0 0 0.75 0
1 0 0 0 2 2 0
1 0 0 0 0.5 0.75 0
1 0 0 0 0.7 0 0
1 0 0 0 -0.5 0.75 0
1 0 0 0 -0.7 0 0
1 0 0 0 0.375 -0.75 0
1 0 0 0 0 -1 0
1 0 0 0 -0.375 -0.75 0
1 0 0 0 0 -1 0
1 0 0 0 0 0.75 0
0.904756 -0.242429 -0.338274 -0.0906403 -4.64077 3.16681 2.20538
1 0 0 0 0 0 0
0.955671 -0.126404 0.265869 0.00532719 -2.66327 0.789135 -1.3216
0.768641 0.333363 -0.537931 0.0932254 0.5 0.75 -7.22263e-15
0.57895 0.481654 -0.396412 0.525056 0.7 -2.04697e-16 4.81386e-16
0.660409 0.577406 0.45743 -0.145671 -0.5 0.75 -8.51749e-15
0.647367 -0.0334176 0.565701 -0.509688 -0.7 2.33147e-15 1.18829e-16
0.571935 -0.599773 -0.435714 0.351164 0.375 -0.75 2.73653e-15
0.322573 -0.123131 -0.910477 -0.227632 -0.0229136 -0.995841 0.0206455
0.334872 -0.278498 0.661383 -0.610633 -0.375 -0.75 8.04955e-15
-0.939092 0.205756 -0.261036 -0.0873552 1.02418e-14 -1 -7.91554e-15
1 0 0 0 0 0.75 0
1 0 0 0 2 2 0
1 0 0 0 0.5 0.75 0
1 0 0 0 0.7 0 0
1 0 0 0 -0.5 0.75 0
1 0 0 0 -0.7 0 0
1 0 0 0 0.375 -0.75 0
1 0 0 0 0 -1 0
1 0 0 0 -0.375 -0.75 0
1 0 0 0 0 -1 0
1 0 0 0 0 0.75 0
0.904756 -0.242429 -0.338274 -0.0906403 -4.64077 3.16681 2.20538
1 0 0 0 0 0 0
0.963514 -0.00746415 0.266427 -0.0245114 -2.42776 0.857241 -1.16898
0.742311 0.223352 -0.611567 0.158351 0.5 0.75 -6.62144e-15
0.92658 0.256695 -0.234279 0.143776 0.7 3.06829e-17 4.9136e-16
0.566446 0.56232 0.374731 -0.471711 -0.5 0.75 -8.08164e-15
0.886262 0.005415 0.16166 -0.434024 -0.7 -2.51535e-16 -3.27863e-16
0.505531 -0.682564 -0.396065 0.348823 0.375 -0.75 3.6633e-15
0.342397 -0.138375 -0.896961 -0.243061 -0.0229136 -0.995841 0.0206455
0.30105 -0.241753 0.555071 -0.736764 -0.375 -0.75 8.60076e-15
-0.938091 0.246051 -0.213547 -0.117651 8.05953e-15 -1 -9.60993e-15
1 0 0 0 0 0.75 0
1 0 0 0 2 2 0
1 0 0 0 0.5 0.75 0
1 0 0 0 0.7 0 0
1 0 0 0 -0.5 0.75 0
1 0 0 0 -0.7 0 0
1 0 0 0 0.375 -0.75 0
1 0 0 0 0 -1 0
1 0 0 0 -0.375 -0.75 0
1 0 0 0 0 -1 0
1 0 0 0 0 0.75 0
0.904756 -0.242429 -0.338274 -0.0906403 -4.64077 3.16681 2.20538
1 0 0 0 0 0 0
0.967591 0.108216 0.202523 -0.105083 -2.48999 0.977131 -0.767201
0.690407 0.090494 -0.680626 0.227811 0.5 0.75 -5.10009e-15
0.999766 3.59922e-05 0.016169 -0.0144048 0.7 6.83481e-16 4.84855e-16
0.477054 0.526879 0.367206 -0.599981 -0.5 0.75 -9.46465e-15
1 0 0 0 -0.7 0 0
0.479347 -0.790743 -0.164091 0.343548 0.375 -0.75 3.56486e-15
0.165613 -0.228049 -0.890887 -0.356211 -0.0229136 -0.995841 0.0206455
0.0638973 -0.234191 0.512303 -0.823782 -0.375 -0.75 7.54778e-15
-0.927993 0.297809 0.0563264 -0.216719 6.47475e-15 -1 -8.12024e-15
1 0 0 0 0 0.75 0
1 0 0 0 2 2 0
1 0 0 0 0.5 0.75 0
1 0 0 0 0.7 0 0
1 0 0 0 -0.5 0.75 0
1 0 0 0 -0.7 0 0
1 0 0 0 0.375 -0.75 0
1 0 0 0 0 -1 0
1 0 0 0 -0.375 -0.75 0
1 0 0 0 0 -1 0
1 0 0 0 0 0.75 0
0.904756 -0.242429 -0.338274 -0.0906403 -4.64077 3.16681 2.20538
1 0 0 0 0 0 0
0.967591 0.108216 0.202523 -0.105083 -2.31414 0.901738 -0.556662
0.690407 0.090494 -0.680626 0.227811 0.5 0.75 -5.10009e-15
0.999766 3.59922e-05 0.016169 -0.0144048 0.7 6.83481e-16 4.84855e-16
0.477054 0.526879 0.367206 -0.599981 -0.5 0.75 -9.46465e-15
1 0 0 0 -0.7 0 0
0.354322 -0.88545 -0.0957535 0.285072 0.375 -0.75 3.43128e-15
0.284675 -0.0692027 -0.675877 -0.676285 -0.0229136 -0.995841 0.0206455
0.048068 -0.164238 0.366916 -0.914379 -0.375 -0.75 8.1532e-15
-0.468786 0.574677 -0.604005 0.291829 -1.3687e-15 -1 -4.55018e-15
1 0 0 0 0 0.75 0
1 0 0 0 2 2 0
1 0 0 0 0.5 0.75 0
1 0 0 0 0.7 0 0
1 0 0 0 -0.5 0.75 0
1 0 0 0 -0.7 0 0
1 0 0 0 0.375 -0.75 0
1 0 0 0 0 -1 0
1 0 0 0 -0.375 -0.75 0
1 0 0 0 0 -1 0
1 0 0 0 0 0.75 0
0.904756 -0.242429 -0.338274 -0.0906403 -4.64077 3.16681 2.20538
1 0 0 0 0 0 0
0.93374 0.224001 0.247809 -0.128621 -2.15169 1 -0.127287
0.690407 0.090494 -0.680626 0.227811 0.5 0.75 -5.10009e-15
0.999766 3.59922e-05 0.016169 -0.0144048 0.7 6.83481e-16 4.84855e-16
0.477054 0.526879 0.367206 -0.599981 -0.5 0.75 -9.46465e-15
1 0 0 0 -0.7 0 0
0.237507 -0.929511 -0.120589 0.255065 0.375 -0.75 3.02362e-15
0.405002 0.0892892 -0.471323 -0.778367 -0.0229136 -0.995841 0.0206455
0.0216018 -0.108333 0.255216 -0.960553 -0.375 -0.75 9.59996e-15
-0.239289 0.536688 -0.57219 0.572106 -3.39659e-15 -1 -6.37337e-15
1 0 0 0 0 0.75 0
1 0 0 0 2 2 0
1 0 0 0 0.5 0.75 0
1 0 0 0 0.7 0 0
1 0 0 0 -0.5 0.75 0
1 0 0 0 -0.7 0 0
1 0 0 0 0.375 -0.75 0
1 0 0 0 0 -1 0
1 0 0 0 -0.375 -0.75 0
1 0 0 0 0 -1 0
1 0 0 0 0 0.75 0
0.917418 -0.203387 -0.333913 -0.0740267 -4.5919 2.92409 2.23636
1 0 0 0 0 0 0
0.93374 0.224001 0.247809 -0.128621 -2 1 -1.09444e-14
0.690407 0.090494 -0.680626 0.227811 0.5 0.75 -5.10009e-15
0.999766 3.59922e-05 0.016169 -0.0144048 0.7 6.83481e-16 4.84855e-16
0.477054 0.526879 0.367206 -0.599981 -0.5 0.75 -9.46465e-15
1 0 0 0 -0.7 0 0
0.176514 -0.954059 -0.0472416 0.237451 0.375 -0.75 3.9517e-15
0.414091 0.425615 -0.269914 -0.757976 -0.0229136 -0.995841 0.0206455
-0.00210695 -0.0843857 0.203402 -0.97545 -0.375 -0.75 9.24694e-15
-0.180139 0.402284 -0.484168 0.755844 -1.13017e-15 -1 -3.14495e-15
1 0 0 0 0 0.75 0
1 0 0 0 2 2 0
1 0 0 0 0.5 0.75 0
1 0 0 0 0.7 0 0
1 0 0 0 -0.5 0.75 0
1 0 0 0 -0.7 0 0
1 0 0 0 0.375 -0.75 0
1 0 0 0 0 -1 0
1 0 0 0 -0.375 -0.75 0
1 0 0 0 0 -1 0
1 0 0 0 0 0.75 0
0.917418 -0.203387 -0.333913 -0.0740267 -4.5919 2.92409 2.23636
1 0 0 0 0 0 0
0.93374 0.224001 0.247809 -0.128621 -2 1 -1.09444e-14
0.690407 0.090494 -0.680626 0.227811 0.5 0.75 -5.10009e-15
0.999766 3.59922e-05 0.016169 -0.0144048 0.7 6.83481e-16 4.84855e-16
0.477054 0.526879 0.367206 -0.599981 -0.5 0.75 -9.46465e-15
1 0 0 0 -0.7 0 0
0.176514 -0.954059 -0.0472416 0.237451 0.375 -0.75 3.9517e-15
0.414091 0.425615 -0.269914 -0.757976 -0.0229136 -0.995841 0.0206455
-0.00210695 -0.0843857 0.203402 -0.97545 -0.375 -0.75 9.24694e-15
-0.180139 0.402284 -0.484168 0.755844 -1.13017e-15 -1 -3.14495e-15
1 0 0 0 0 0.75 0
1 0 0 0 2 2 0
1 0 0 0 0.5 0.75 0
1 0 0 0 0.7 0 0
1 0 0 0 -0.5 0.75 0
1 0 0 0 -0.7 0 0
1 0 0 0 0.375 -0.75 0
1 0 0 0 0 -1 0
1 0 0 0 -0.375 -0.75 0
1 0 0 0 0 -1 0
1 0 0 0 0 0.75 0
